199 0.185235
399 0.257485
599 0.353701
799 0.47551
999 0.611191
1199 0.738781
1399 0.836871
1599 0.894429
1799 0.927147
1999 0.954338
2199 0.975523
2399 0.985909
2599 0.989739
2799 0.991093
2999 0.991607
3199 0.991823
3399 0.991921
3599 0.991968
3799 0.991991
3999 0.992003
4199 0.992009
4399 0.992012
4599 0.992014
4799 0.992014
4999 0.992015
5199 0.992015
5399 0.992015
5599 0.992015
5799 0.992015
5999 0.992015
6199 0.992015
6399 0.992015
6599 0.992015
6799 0.992015
6999 0.992015
7199 0.992015
7399 0.992015
7599 0.992015
7799 0.992015
7999 0.992015
8199 0.992015
8399 0.992015
8599 0.992015
8799 0.992015
8999 0.992015
9199 0.992015
9399 0.992015
9599 0.992015
9799 0.992015
9999 0.992015
10199 0.992015
10399 0.992015
10599 0.992015
10799 0.992015
10999 0.992015
11199 0.992015
11399 0.992015
11599 0.992015
11799 0.992015
11999 0.992015
12199 0.992015
12399 0.992015
12599 0.992015
12799 0.992015
12999 0.992015
13199 0.992015
13399 0.992015
13599 0.992015
13799 0.992015
13999 0.992015
14199 0.992015
14399 0.992015
14599 0.992015
14799 0.992015
14999 0.992015
15199 0.992015
15399 0.992015
15599 0.992015
15799 0.992015
15999 0.992015
16199 0.992015
16399 0.992015
16599 0.992015
16799 0.992015
16999 0.992015
17199 0.992015
17399 0.992015
17599 0.992015
17799 0.992015
17999 0.992015
18199 0.992015
18399 0.992015
18599 0.992015
18799 0.992015
18999 0.992015
19199 0.992015
19399 0.992015
19599 0.992015
19799 0.992015
19999 0.992015
20199 0.992015
20399 0.992015
20599 0.992015
20799 0.992015
20999 0.992015
21199 0.992015
21399 0.992015
21599 0.992015
21799 0.992015
21999 0.992015
22199 0.992015
22399 0.992015
22599 0.992015
22799 0.992015
22999 0.992015
23199 0.992015
23399 0.992015
23599 0.992015
23799 0.992015
23999 0.992015
24199 0.992015
24399 0.992015
24599 0.992015
24799 0.992015
24999 0.992015
25199 0.992015
25399 0.992015
25599 0.992015
25799 0.992015
25999 0.992015
26199 0.992015
26399 0.992015
26599 0.992015
26799 0.992015
26999 0.992015
27199 0.992015
27399 0.992015
27599 0.992015
27799 0.992015
27999 0.992015
28199 0.992015
28399 0.992015
28599 0.992015
28799 0.992015
28999 0.992015
29199 0.992015
29399 0.992015
29599 0.992015
29799 0.992015
29999 0.992015
30199 0.992015
30399 0.992015
30599 0.992015
30799 0.992015
30999 0.992015
31199 0.992015
31399 0.992015
31599 0.992015
31799 0.992015
31999 0.992015
32199 0.992015
32399 0.992015
32599 0.992015
32799 0.992015
32999 0.992015
33199 0.992015
33399 0.992015
33599 0.992015
33799 0.992015
33999 0.992015
34199 0.992015
34399 0.992015
34599 0.992015
34799 0.992015
34999 0.992015
35199 0.992015
35399 0.992015
35599 0.992015
35799 0.992015
35999 0.992015
36199 0.992015
36399 0.992015
36599 0.992015
36799 0.992015
36999 0.992015
37199 0.992015
37399 0.992015
37599 0.992015
37799 0.992015
37999 0.992015
38199 0.992015
38399 0.992015
38599 0.992015
38799 0.992015
38999 0.992015
39199 0.992015
39399 0.992015
39599 0.992015
39799 0.992015
39999 0.992015
40199 0.992015
40399 0.992015
40599 0.992015
40799 0.992015
40999 0.992015
41199 0.992015
41399 0.992015
41599 0.992015
41799 0.992015
41999 0.992015
42199 0.992015
42399 0.992015
42599 0.992015
42799 0.992015
42999 0.992015
43199 0.992015
43399 0.992015
43599 0.992015
43799 0.992015
43999 0.992015
44199 0.992015
44399 0.992015
44599 0.992015
44799 0.992015
44999 0.992015
45199 0.992015
45399 0.992015
45599 0.992015
45799 0.992015
45999 0.992015
46199 0.992015
46399 0.992015
46599 0.992015
46799 0.992015
46999 0.992015
47199 0.992015
47399 0.992015
47599 0.992015
47799 0.992015
47999 0.992015
48199 0.992015
48399 0.992015
48599 0.992015
48799 0.992015
48999 0.992015
49199 0.992015
49399 0.992015
49599 0.992015
49799 0.992015
49999 0.992015
